                   National Data Buoy Center

             Heights (in meters) of the sensors at NDBC buoys

STATION        SITE        AIR_TEMP     ANEMOMETER     BAROMETER
 IDENT      ELEVATION     ELEVATION      ELEVATION     ELEVATION

1801589        0              2.3             5.2             0.2
41001          0              3.7             4.1             2.7
41002          0              3.7             4.1             2.7
41004          0              3.7             4.1             2.7
41008          0              3.4             3.8             2.4
41009          0              3.4             3.8             2.4
41010          0              2.8             3.2             1.8
41013          0              3.4             3.8             2.4
41025          0              3.7             4.1             2.7
41040          0              3.7             4.1             2.7
41041          0              2.8             3.2             1.8
41043          0              3.7             4.1             2.7
41044          0              3.4             3.8             2.4
41046          0              3.7             4.1             2.7
41047          0              3.7             4.1             2.7
41048          0              3.7             4.1             2.7
41049          0              3.7             4.1             2.7
42001          0              3.7             4.1             2.7
42002          0              3.7             4.1             2.7
42003          0              2.8             3.2             1.8
42012          0              3.4             3.8             2.4
42019          0              2.8             3.2             1.8
42020          0              3.4             3.8             2.4
42035          0              3.7             4.1             2.7
42036          0              3.4             3.8             2.4
42039          0              2.8             3.2             1.8
42040          0              3.7             4.1             2.7
42055          0              3.7             4.1             2.7
42056          0              3.7             4.1             2.7
42057          0              3.4             3.8             2.4
42058          0              3.7             4.1             2.7
42059          0              3.7             4.1             2.7
42060          0              3.7             4.1             2.7
44005          0              3.4             3.8             2.4
44007          0              3.4             3.8             2.4
44008          0              3.4             3.8             2.4
44009          0              3.4             3.8             2.4
44011          0              3.7             4.1             2.7
44013          0              2.8             3.2             1.8
44014          0              2.8             3.2             1.8
44017          0              3.7             4.1             2.7
44018          0              3.7             4.1             2.7
44020          0              3.7             4.1             2.7
44025          0              3.7             4.1             2.7
44027          0              3.7             4.1             2.7
44065          0              3.7             4.1             2.7
44066          0              3.7             4.1             2.7
45001          183            2.8             3.2             184.8
45002          176            2.8             3.2             177.8
45003          177            3.3             3.6             179.3
45004          183            3.3             3.6             185.3
45005          174            3.3             3.6             176.3
45006          183            3.3             3.6             185.3
45007          176            3.3             3.6             178.3
45008          177            3.3             3.6             179.3
45012          74.7           3.3             3.6             77
46001          0              3.7             4.1             2.7
46002          0              3.7             4.1             2.7
46005          0              3.7             4.1             2.7
46006          0              3.7             4.1             2.7
46011          0              3.4             3.8             2.4
46012          0              1.3             1.3             1.3
46013          0              3.4             3.8             2.4
46014          0              3.4             3.8             2.4
46015          0              3.4             3.8             2.4
46022          0              3.7             4.1             2.7
46025          0              3.4             3.8             2.4
46026          0              3.7             4.1             2.7
46027          0              3.4             3.8             2.4
46028          0              3.7             4.1             2.7
46029          0              2.8             3.2             1.8
46035          0              3.7             4.1             2.7
46041          0              3.4             3.8             2.4
46042          0              3.7             4.1             2.7
46047          0              3.7             4.1             2.7
46050          0              3.4             3.8             2.4
46053          0              3.7             4.1             2.7
46054          0              3.4             3.8             2.4
46059          0              3.4             3.8             2.4
46060          0              3.7             4.1             2.7
46061          0              3.4             3.8             2.4
46066          0              3.4             3.8             2.4
46069          0              3.7             4.1             2.7
46070          0              3.7             4.1             2.7
46071          0              3.4             3.8             2.4
46072          0              3.4             3.8             2.4
46073          0              3.4             3.8             2.4
46075          0              3.4             3.8             2.4
46076          0              3.4             3.8             2.4
46077          0              3.4             3.8             2.4
46078          0              3.4             3.8             2.4
46080          0              3.4             3.8             2.4
46081          0              3.4             3.8             2.4
46082          0              3.4             3.8             2.4
46083          0              3.4             3.8             2.4
46084          0              3.4             3.8             2.4
46085          0              3.7             4.1             2.7
46086          0              2.8             3.2             1.8
46087          0              3.4             3.8             2.4
46088          0              3.4             3.8             2.4
46089          NA             3.7             4.1             2.7
51000          0              3.7             4.1             2.7
51001          NA             2.8             3.2             1.8
51002          0              3.4             3.8             2.4
51003          0              3.4             3.8             2.4
51004          0              3.4             3.8             2.4
51101          0              3.4             3.8             2.4
